# This file contains poses that individually move all of the joints.
#
#          BODY           | SHOULDER  | HEAD  |  FRONT LEFT  |  FRONT RIGHT |  BACK LEFT   |  BACK RIGHT  | TAILBASE | TAILTIP |  	FR_SHOULDER_X, FL_SHOULDER_X, BR_SHOULDER_X,BL_SHOULDER_X,HEAD_X, HEAD_Y, SHOULDER_X,SHOULDER_Y,
#  X  |  Y  |  Z  | ANGLE |   ANGLE   | ANGLE | THIGH | CALF | THIGH | CALF | THIGH | CALF | THIGH | CALF |  ANGLE   |  ANGLE  |
# ------------------------------------------------------------------------------------------------------------------------------
  0.0   2.3   0.0     0         0         0       0       0      0       0      0       0      0      0         0         0
  0.0   2.3   0.0     0         0         0       0       0      0       0      0       0      0      0         0         0
 -2.0   2.3   0.0     0         0         0       0       0      0       0      0       0      0      0         0         0
  2.0   2.3   0.0     0         0         0       0       0      0       0      0       0      0      0         0         0
  0.0   2.3   0.0     0         0         0       0       0      0       0      0       0      0      0         0         0
  0.0   0.0   0.0     0         0         0       0       0      0       0      0       0      0      0         0         0
  0.0   4.0   0.0     0         0         0       0       0      0       0      0       0      0      0         0         0
  0.0   2.3   0.0     0         0         0       0       0      0       0      0       0      0      0         0         0
  0.0   2.3   0.0    -90        0         0       0       0      0       0      0       0      0      0         0         0
  0.0   2.3   0.0     90        0         0       0       0      0       0      0       0      0      0         0         0
  0.0   2.3   0.0     0         0         0       0       0      0       0      0       0      0      0         0         0
  0.0   2.3   0.0     0       -90         0       0       0      0       0      0       0      0      0         0         0
  0.0   2.3   0.0     0        90         0       0       0      0       0      0       0      0      0         0         0
  0.0   2.3   0.0     0         0         0       0       0      0       0      0       0      0      0         0         0
  0.0   2.3   0.0     0         0       -90       0       0      0       0      0       0      0      0         0         0
  0.0   2.3   0.0     0         0        90       0       0      0       0      0       0      0      0         0         0
  0.0   2.3   0.0     0         0         0       0       0      0       0      0       0      0      0         0         0
  0.0   2.3   0.0     0         0         0     -90       0      0       0      0       0      0      0         0         0
  0.0   2.3   0.0     0         0         0      90       0      0       0      0       0      0      0         0         0
  0.0   2.3   0.0     0         0         0       0       0      0       0      0       0      0      0         0         0
  0.0   2.3   0.0     0         0         0       0       0      0       0      0       0      0      0         0         0
  0.0   2.3   0.0     0         0         0       0     -90      0       0      0       0      0      0         0         0
  0.0   2.3   0.0     0         0         0       0      90      0       0      0       0      0      0         0         0
  0.0   2.3   0.0     0         0         0       0       0      0       0      0       0      0      0         0         0
  0.0   2.3   0.0     0         0         0       0       0    -90       0      0       0      0      0         0         0
  0.0   2.3   0.0     0         0         0       0       0     90       0      0       0      0      0         0         0
  0.0   2.3   0.0     0         0         0       0       0      0       0      0       0      0      0         0         0
  0.0   2.3   0.0     0         0         0       0       0      0     -90      0       0      0      0         0         0
  0.0   2.3   0.0     0         0         0       0       0      0      90      0       0      0      0         0         0
  0.0   2.3   0.0     0         0         0       0       0      0       0      0       0      0      0         0         0
  0.0   2.3   0.0     0         0         0       0       0      0       0    -90       0      0      0         0         0
  0.0   2.3   0.0     0         0         0       0       0      0       0     90       0      0      0         0         0
  0.0   2.3   0.0     0         0         0       0       0      0       0      0       0      0      0         0         0
  0.0   2.3   0.0     0         0         0       0       0      0       0      0     -90      0      0         0         0
  0.0   2.3   0.0     0         0         0       0       0      0       0      0      90      0      0         0         0
  0.0   2.3   0.0     0         0         0       0       0      0       0      0       0      0      0         0         0
  0.0   2.3   0.0     0         0         0       0       0      0       0      0       0    -90      0         0         0
  0.0   2.3   0.0     0         0         0       0       0      0       0      0       0     90      0         0         0
  0.0   2.3   0.0     0         0         0       0       0      0       0      0       0      0      0         0         0
  0.0   2.3   0.0     0         0         0       0       0      0       0      0       0      0    -90         0         0
  0.0   2.3   0.0     0         0         0       0       0      0       0      0       0      0     90         0         0
  0.0   2.3   0.0     0         0         0       0       0      0       0      0       0      0      0         0         0
  0.0   2.3   0.0     0         0         0       0       0      0       0      0       0      0      0        -90        0
  0.0   2.3   0.0     0         0         0       0       0      0       0      0       0      0      0         90        0
  0.0   2.3   0.0     0         0         0       0       0      0       0      0       0      0      0         0         0
  0.0   2.3   0.0     0         0         0       0       0      0       0      0       0      0      0         0       -90
  0.0   2.3   0.0     0         0         0       0       0      0       0      0       0      0      0         0        90
  0.0   2.3   0.0     0         0         0       0       0      0       0      0       0      0      0         0         0
  0.0   2.3   0.0     0         0         0       0       0      0       0      0       0      0      0         0         0    -90
  0.0   2.3   0.0     0         0         0       0       0      0       0      0       0      0      0         0         0    90
  0.0   2.3   0.0     0         0         0       0       0      0       0      0       0      0      0         0         0		
  0.0   2.3   0.0     0         0         0       0       0      0       0      0       0      0      0         0         0		0	-90
  0.0   2.3   0.0     0         0         0       0       0      0       0      0       0      0      0         0         0		0	90
  0.0   2.3   0.0     0         0         0       0       0      0       0      0       0      0      0         0         0		
  0.0   2.3   0.0     0         0         0       0       0      0       0      0       0      0      0         0         0		0	0	-90
  0.0   2.3   0.0     0         0         0       0       0      0       0      0       0      0      0         0         0		0	0	90
  0.0   2.3   0.0     0         0         0       0       0      0       0      0       0      0      0         0         0
  0.0   2.3   0.0     0         0         0       0       0      0       0      0       0      0      0         0         0		0	0	0	-90
  0.0   2.3   0.0     0         0         0       0       0      0       0      0       0      0      0         0         0		0	0	0	90
  0.0   2.3   0.0     0         0         0       0       0      0       0      0       0      0      0         0         0
  0.0   2.3   0.0     0         0         0       0       0      0       0      0       0      0      0         0         0		0	0	0	0	-90
  0.0   2.3   0.0     0         0         0       0       0      0       0      0       0      0      0         0         0		0	0	0	0	90
  0.0   2.3   0.0     0         0         0       0       0      0       0      0       0      0      0         0         0
  0.0   2.3   0.0     0         0         0       0       0      0       0      0       0      0      0         0         0		0	0	0	0	0	-90
  0.0   2.3   0.0     0         0         0       0       0      0       0      0       0      0      0         0         0		0	0	0	0	0	90
  0.0   2.3   0.0     0         0         0       0       0      0       0      0       0      0      0         0         0
  0.0   2.3   0.0     0         0         0       0       0      0       0      0       0      0      0         0         0		0	0	0	0	0	0	-90
  0.0   2.3   0.0     0         0         0       0       0      0       0      0       0      0      0         0         0		0	0	0	0	0	0	90
  0.0   2.3   0.0     0         0         0       0       0      0       0      0       0      0      0         0         0
  0.0   2.3   0.0     0         0         0       0       0      0       0      0       0      0      0         0         0		0	0	0	0	0	0	0	-90
  0.0   2.3   0.0     0         0         0       0       0      0       0      0       0      0      0         0         0		0	0	0	0	0	0	0	90
  0.0   2.3   0.0     0         0         0       0       0      0       0      0       0      0      0         0         0