#X  Y   Z   BODY_ANGLE  SHOULDERS   HEAD    FRONT_LEFT_SHOULDER FRONT_LEFT_KNEE FRONT_RIGHT_SHOULDER    FRONT_RIGHT_KNEE    BACK_LEFT_SHOULDER  BACK_LEFT_KNEE  BACK_RIGHT_SHOULDER BACK_RIGHT_KNEE TAIL_BASE   TAIL_TIP    FR_SHOULDER_X   FL_SHOULDER_X   BR_SHOULDER_X   BL_SHOULDER_X   HEAD_X  HEAD_Y  SHOULDER_X  SHOULDER_Y
#X      Y       Z    BODY     SHOU    HEAD    FL_SHDR FL_KN   FRSHDR      FRKN    BLSHDR  BLKN    BRSHDR  BRKNEE TAILB   TAILT   FRSHX    FLSHX   BRSHX   BLSHX   HEAD_X  HEAD_Y  SHDRX   SHDY
  0.0   2.3  0.0     13        -25      -30    -5     17     -5     17     -30      37     -30     37     -10       -10
  0.0   2.3  0.0     13        -25      -30    -5     17     -5     17     30      -37     30     -37     -10       -10
  0.0   .8   0.0     60        -25       -30    -5     17     -5     17      60     -100     60     -100   -65       -10    0.00    0.00    -25.00  25.00   0.00    0.00    0.00    0.00
  0.0   .8   0.0     60        -25       -30    -5     17     -5     17      60     -100     60     -100   -95       -10    15.00  -15.00   -25.00  25.00   0.00    0.00    0.00    0.00
  0.0   .8   0.0     25        -25       -30     60    17     60     17      89     -100     89     -100   -45       -10    15.00  -15.00   -25.00  25.00   0.00    0.00    0.00    0.00
  0.0   .8   0.0     10        -25        0      90    17     90     17      96     -100     96     -100   -25       -10    15.00  -15.00   -25.00  25.00   0.00    0.00    0.00    0.00
  0.0   .8   0.0     10        -25        0      90    17     90     17      96     -100     96     -100   -25       -10   -90.00  -15.00   -25.00  25.00   0.00    0.00    12.0    0.0
  0.0   .8   0.0     10        -25        0      90    17     90     17      120    -120     96     -100    25       -20    15.00   29.00   -25.00  45.00   0.00    0.00    12.0  -45.0
  0.0   .8   0.0     10        -25        0      90    17     90     17      120    -120     96     -100    25       -20    15.00   29.00   -25.00  45.00   0.0     60.00   12.0  -45.0
  0.0   .8   0.0     10        -25        0      90    17     90     17      120    -120     96     -100    25       -20    15.00   29.00   -25.00  45.00   0.0    -60.00   12.0  -45.0
  0.0   .8   0.0     10        -25        0      90    17     90     17      120    -120     96     -100   -30      -120    15.00   29.00   -25.00  45.00   0.0    -60.00   12.0  -45.0
  0.0   .8   0.0     10        -25        0      90    17     90     17      120    -120     96     -100    30       120    15.00   29.00   -25.00  45.00   70.0   -60.00   12.0  -45.0
  0.0   .8   0.0     10        -25        0      90    17     90     17      120    -120     96     -100   -30      -120    15.00   29.00   -25.00  45.00  -60.0   -60.00   12.0  -45.0
  0.0   .8   0.0     10        -25        0      90    17     90     17      120    -120     96     -100    25      -20     15.00   29.00   -25.00  45.00   0.00    0.00    12.0  -45.0
  0.0   .8   0.0     45        -25        50     0     120    90     17      120    -120     96     -100   -65      -20     15.00   29.00   -25.00  45.00   0.00    0.00    65.0  -45.0
  0.0   .8   2.6     15         0        -30     0     120    90     90      90     -90      90     -90     0          0   -15.00   15.00   -25.00  25.00  -60.00   0.00    0      0     180
  0.0   2.3   2.6    13        -25       -60    -5     17     -5     17     -30      37     -30      37     100     -100   -15.00   15.00   -25.00  25.00   60.00   0.00    0      0     360
  0.0   2.3   2.6    13        -25       -60    -5     17     -5     17     -30      37     -30      37    -100      100   -15.00   15.00   -25.00  25.00   0.00    0.00    0      0     360
  0.0   2.3   0.0    13        -25       -60    -5     17     -5     17     -30      37     -30      37    -10       -10

    
    
